1 488.06 302.58 466.77 417.42 360.59 339.00 592.11 247.68 360.59 339.00 574.77 237.39 466.77 417.42 0 0 1 0 360.59 339.00 485.93 169.27 592.11 247.68 466.77 417.42
2 589.11 242.59 478.90 302.74 477.00 170.75 477.00 170.75 711.98 167.37 419.48 295.26 478.90 302.74 0 0 1 0 477.00 170.75 711.98 167.37 713.88 299.36 478.90 302.74
3 141.78 780.86 263.87 785.57 88.97 854.51 52.30 761.48 227.20 692.54 88.97 854.51 52.47 857.21 0 0 0 1 263.87 785.57 88.97 854.51 52.30 761.48 227.20 692.54
4 184.93 229.02 245.65 322.86 60.14 262.77 284.78 202.04 99.27 141.95 245.65 322.86 126.16 98.26 0 0 0 1 245.65 322.86 60.14 262.77 99.27 141.95 284.78 202.04
5 274.26 321.32 294.43 203.31 367.32 264.24 233.91 423.83 161.03 362.90 316.34 220.07 367.32 264.24 0 0 1 0 367.32 264.24 233.91 423.83 161.03 362.90 294.43 203.31
6 502.47 112.23 384.40 109.17 443.68 2.54 574.76 250.66 600.29 229.18 443.68 2.54 384.40 109.17 1 0 0 0 600.29 229.18 384.40 109.17 443.68 2.54 659.57 122.54
7 601.38 718.42 626.31 583.51 725.32 673.80 725.32 673.80 489.53 733.50 457.52 703.55 626.31 583.51 0 0 1 0 725.32 673.80 588.54 823.79 489.53 733.50 626.31 583.51
8 374.86 554.12 240.07 556.69 298.96 436.32 449.39 514.84 481.31 525.54 422.41 645.90 240.07 556.69 1 0 0 0 422.41 645.90 240.07 556.69 298.96 436.32 481.31 525.54
9 453.17 167.71 439.78 284.69 377.25 80.03 493.93 44.38 473.41 261.71 439.78 284.69 377.25 80.03 0 1 0 0 493.93 44.38 556.45 249.05 439.78 284.69 377.25 80.03
10 560.69 142.57 662.01 214.62 541.90 271.73 673.44 249.55 662.01 214.62 541.90 271.73 447.43 73.05 1 0 0 0 567.55 15.94 662.01 214.62 541.90 271.73 447.43 73.05
