1 562.19 403.51 423.59 465.81 576.89 252.11 576.89 252.11 423.59 465.81 671.15 319.72 423.95 463.62 0 0 0 1 423.59 465.81 576.89 252.11 671.15 319.72 517.85 533.42
2 399.63 650.08 313.60 721.38 352.33 534.35 443.84 748.35 459.77 563.07 482.57 561.32 313.60 721.38 0 1 0 0 482.57 561.32 443.84 748.35 313.60 721.38 352.33 534.35
3 596.88 339.13 721.09 415.49 477.05 341.52 477.05 341.52 417.34 316.73 753.57 308.31 509.54 234.34 0 1 0 0 509.54 234.34 753.57 308.31 721.09 415.49 477.05 341.52
4 189.02 257.33 303.70 215.04 299.13 322.94 76.44 224.64 66.91 205.01 299.13 322.94 303.70 215.04 1 0 0 0 66.91 205.01 303.70 215.04 299.13 322.94 62.34 312.92
5 674.97 466.01 580.08 422.38 789.21 387.58 804.15 477.35 803.86 395.82 595.02 512.15 789.21 387.58 0 1 0 0 804.15 477.35 595.02 512.15 580.08 422.38 789.21 387.58
6 668.02 459.75 600.17 546.61 571.11 448.84 793.34 538.36 774.63 494.76 600.17 546.61 571.11 448.84 1 0 0 0 774.63 494.76 600.17 546.61 571.11 448.84 745.57 396.99
7 141.59 178.00 8.61 202.20 199.75 81.62 75.31 307.92 236.39 44.33 266.45 187.33 199.75 81.62 0 1 0 0 266.45 187.33 75.31 307.92 8.61 202.20 199.75 81.62
8 442.13 755.55 395.83 644.54 485.70 649.36 334.89 858.26 383.79 869.22 485.70 649.36 395.83 644.54 1 0 0 0 383.79 869.22 395.83 644.54 485.70 649.36 473.66 874.03
9 451.80 671.52 401.95 540.24 585.03 711.94 585.03 711.94 421.89 498.54 401.95 540.24 505.00 797.28 0 1 0 0 505.00 797.28 321.91 625.58 401.95 540.24 585.03 711.94
10 369.94 603.38 310.28 683.14 321.68 484.47 433.08 690.19 310.28 683.14 444.48 491.52 441.20 499.24 0 0 0 1 310.28 683.14 321.68 484.47 444.48 491.52 433.08 690.19
11 127.54 567.13 281.95 517.91 255.18 645.13 7.60 593.02 34.37 465.81 61.48 611.56 281.95 517.91 0 0 1 0 255.18 645.13 7.60 593.02 34.37 465.81 281.95 517.91
12 753.00 382.35 670.41 475.43 622.50 395.72 613.62 386.81 840.19 264.85 622.50 395.72 888.11 344.56 1 0 0 0 888.11 344.56 670.41 475.43 622.50 395.72 840.19 264.85
13 662.29 687.44 687.97 807.51 585.03 786.80 585.03 786.80 635.52 535.83 682.60 781.54 687.97 807.51 0 0 1 0 585.03 786.80 635.52 535.83 738.46 556.53 687.97 807.51
14 452.01 556.35 340.82 633.04 310.48 532.52 310.48 532.52 340.82 633.04 326.64 626.18 529.71 466.34 0 0 1 0 310.48 532.52 529.71 466.34 560.05 566.86 340.82 633.04
15 152.09 572.81 45.15 536.83 129.58 458.75 211.49 716.70 129.58 458.75 167.45 441.15 295.92 638.62 0 0 1 0 129.58 458.75 295.92 638.62 211.49 716.70 45.15 536.83
16 384.18 538.23 514.57 518.20 468.92 633.49 326.76 443.83 281.10 559.12 439.26 674.84 468.92 633.49 0 0 1 0 468.92 633.49 281.10 559.12 326.76 443.83 514.57 518.20
17 191.41 794.83 85.21 773.81 310.10 736.31 310.10 736.31 101.33 870.47 85.21 773.81 190.46 812.33 0 0 0 1 85.21 773.81 310.10 736.31 326.22 832.97 101.33 870.47
18 324.61 705.53 295.98 556.74 399.09 585.34 227.03 805.35 399.09 585.34 234.81 814.14 295.98 556.74 0 0 1 0 399.09 585.34 330.14 833.95 227.03 805.35 295.98 556.74
19 507.26 732.88 504.97 855.90 423.74 604.70 504.97 855.90 491.81 594.17 530.31 570.24 611.54 821.44 0 1 0 0 530.31 570.24 611.54 821.44 504.97 855.90 423.74 604.70
20 623.60 451.59 517.24 372.93 723.51 426.04 484.58 499.79 723.51 426.04 690.85 552.90 713.95 416.34 0 0 0 1 517.24 372.93 723.51 426.04 690.85 552.90 484.58 499.79
